# nothing

[/home/dylanw/Downloads/p12.pdf]
page=0
offset=0
zoom=0.78186274509803921
rotate=0
pages-per-row=1
first-page-column=1:2
page-right-to-left=false
position-x=0.5
position-y=0.013157894736842105
time=1558592385
jumplist=
